clear;
close all;
%
Tx=[];

T1=[1.0000         0         0         0
    0    0.7070   -0.7070         0
    0    0.7070    0.7070         0
    0         0         0    1.0000];

T2=[-1.0000         0         0         0
    0    0.7070   -0.7070         0
    0    0.7070    0.7070         0
    0         0         0    1.0000];

T3=[    1.0000         0         0         0
    0    0.7070   -0.7070         0
    0   -0.7070   -0.7070         0
    0         0         0    1.0000];

T4=[-1.0000         0         0         0
    0    0.7070   -0.7070         0
    0   -0.7070   -0.7070         0
    0         0         0    1.0000];

T5=[  1.0000         0         0         0
    0   -0.7070   -0.7070         0
    0   -0.7070    0.7070         0
    0         0         0    1.0000];

T6=[-1.0000         0         0         0
    0   -0.7070   -0.7070         0
    0   -0.7070    0.7070         0
    0         0         0    1.0000];

T7=[ 1.0000         0         0         0
    0   -0.7070   -0.7070         0
    0    0.7070   -0.7070         0
    0         0         0    1.0000];

T8=[-1.0000         0         0         0
    0   -0.7070   -0.7070         0
    0    0.7070   -0.7070         0
    0         0         0    1.0000];

A1=[
    0.7070         0         0.7070    0
    0.7070         0       -0.7070    0
    0        1.0000          0        0
    0             0              0    1.0000];

A2=[
    0.7070         0         0.7070    0
    0.7070         0       -0.7070    0
    0        -1.0000          0        0
    0             0              0    1.0000];

A3=[
    -0.7070         0         0.7070    0
    -0.7070         0       -0.7070    0
    0        1.0000          0        0
    0             0              0    1.0000];

A4=[
    -0.7070         0         0.7070    0
    -0.7070         0       -0.7070    0
    0        -1.0000          0        0
    0             0              0    1.0000];

A5=[
    -0.7070         0         -0.7070    0
    0.7070         0       -0.7070    0
    0        1.0000          0        0
    0             0              0    1.0000];

A6=[
    -0.7070         0         -0.7070    0
    0.7070         0       -0.7070    0
    0        -1.0000          0        0
    0             0              0    1.0000];

A7=[
    0.7070         0         -0.7070    0
    -0.7070         0       -0.7070    0
    0        1.0000          0        0
    0             0              0    1.0000];

A8=[
    0.7070         0         -0.7070    0
    -0.7070         0       -0.7070    0
    0        -1.0000          0        0
    0             0              0    1.0000];

Tx=[T1,T2,T3,T4,T5,T6,T7,T8,A1,A2,A3,A4,A5,A6,A7,A8,];


%   T=[0.707,0,0.707,0;
%       0.707,0,-0.707,0;
%       0,-1,0,0;
%       0,0,0,1;]
for i=1:4:length(Tx)
    n=(i+3)/4
    T=Tx(1:4,i:i+3)
    op=T(1:3,4) ;     %提取坐标原点,第四列1到3行
    oRz=T(1:3,1:3);  %提取旋转矩阵 3x3
    figure(n);
    DrawFrame(oRz, op,0);
    %     pause;
    %     cla;
end